143
51
211
158
216
99
166
294
92
61
244
51
214
104
291
9
252
19
23
129
235
29
296
157
204
84
167
168
111
101
268
240
172
243
242
12
193
172
266
135
174
43
148
131
22
102
34
47
128
102
3
257
178
203
207
111
257
236
95
300
119
293
39
193
143
152
175
279
278
74
145
150
114
12
39
37
203
21
139
287
208
154
97
259
132
227
208
236
29
111
298
205
222
42
289
111
169
200
245
28
104
285
73
210
293
103
89
25
295
196
80
265
204
291
84
136
172
47
109
102
62
143
81
224
32
57
191
149
95
93
116
186
164
136
214
78
142
73
8
238
150
271
79
130
59
123
262
86
33
220
181
47
272
18
237
189
15
264
98
222
273
73
215
293
281
158
100
253
134
97
95
47
166
154
293
192
70
227
212
124
45
274
174
177
166
20
270
78
225
129
257
72
11
66
182
36
159
90
269
24
22
30
211
47
30
97
177
84
133
254
97
289
188
174
225
95
128
270
35
168
289
215
89
290
114
135
133
139
63
164
230
196
207
234
219
268
183
154
159
109
148
233
2
280
57
48
9
237
6
274
140
299
71
216
37
154
152
39
281
138
299
175
10
155
72
157
132
8
105
140
192
167
215
253
218
227
225
127
35
4
114
28
163
47
209
97
297
52
73
35
300
100
237
99
123
297
181
105
256
71
156
224
5
184
12
131
23
27
7
198
22
40
92
281
13
219
227
237
207
3
297
192
64
7
110
151
133
248
43
83
121
256
6
73
211
29
107
178
172
117
224
81
274
168
253
185
293
34
61
99
73
271
140
178
65
203
268
254
107
54
253
3
248
206
275
272
154
224
76
36
94
297
291
103
199
229
275
61
204
296
131
37
71
282
221
95
78
217
199
154
155
290
143
146
233
182
62
100
276
285
60
175
48
167
53
10
126
205
207
293
217
256
199
60
52
15
221
210
231
273
297
88
54
99
239
115
200
271
73
299
271
27
165
273
178
44
131
133
285
99
147
212
209
33
163
262
226
203
283
163
159
69
162
139
5
18
37
272
125
255
226
81
185
1
133
216
163
190
111
151
214
290
47
92
257
145
251
74
17
183
196
54
264
260
66
283
90
201
196
287
95
73
24
122
90
51
0
146
135
132
140
68
213
43
281
158
28
222
274
187
147
128
246
197
250
195
145
264
88
234
61
148
221
291
111
109
57
240
234
50
242
139
131
98
85
234
195
38
62
234
188
53
152
162
234
267
205
204
233
132
9
251
69
164
67
176
131
298
82
160
92
219
121
223
187
86
139
104
206
73
0
1
60
155
224
68
275
213
252
240
245
246
75
256
281
167
253
122
249
208
169
121
146
272
23
51
263
59
162
73
296
51
293
109
97
131
130
55
202
14
7
204
235
8
216
165
219
13
139
42
173
60
76
27
299
90
26
82
202
221
195
2
13
217
256
217
223
89
170
41
9
156
192
85
87
67
36
132
111
256
201
27
233
279
270
226
294
83
50
12
108
257
114
118
191
271
160
121
164
248
164
2
103
250
272
160
242
56
74
62
250
182
54
90
209
157
37
161
114
214
225
168
295
47
285
86
3
174
186
102
143
161
295
255
148
256
135
66
33
222
134
94
296
91
65
49
96
220
256
136
214
85
95
99
129
61
269
152
282
82
75
217
271
186
105
160
51
123
40
34
224
178
59
33
32
1
132
105
79
188
8
287
82
289
183
140
278
266
113
259
71
154
0
151
164
179
46
227
71
232
114
154
83
263
253
156
263
253
297
198
287
107
185
171
201
132
243
57
231
65
96
60
250
162
271
40
58
231
228
188
203
105
288
47
73
246
188
187
274
245
55
143
55
163
32
178
4
245
35
12
269
243
93
143
147
30
291
32
257
132
196
284
234
279
203
96
68
142
237
210
15
158
160
262
173
285
191
54
283
164
62
13
117
282
212
126
227
31
263
20
241
131
141
93
264
117
218
274
265
81
49
27
47
99
36
248
146
263
290
198
117
215
36
128
290
49
133
65
183
229
196
218
246
195
282
49
66
34
194
2
66
156
182
128
45
153
59
177
20
154
51
43
268
72
24
229
4
19
4
99
175
70
104
4
73
128
111
79
24
57
205
205
213
13
166
92
75
13
167
29
234
254
125
262
117
195
207
273
69
275
90
192
44
248
153
10
256
6
7
137
176
20
179
268
13
59
112
49
290
289
223
253
30
126
101
282
189
185
263
32
228
189
262
225
3
106
79
132
145
188
207
242
32
294
168
279
242
234
12
243